3890060 
3526595 
3371358 
5279946 
2451813 
3708339 
1798620 
1478502 
1306403 
1173597 
1139093 
927548 
1266768 
861007 
1104647 
857971 
834123 
1001810 
777518 
744119 
719376 
1033605 
723379 
717567 
725094 
812802 
758658 
718059 
714351 
711839 
754367 
770578 
715746 
734105 
757998 
758772 
719371 
713736 
726558 
744813 
746005 
713463 
716928 
717937 
776515 
717463 
722005 
737944 
752406 
762560 
724954 
718622 
715115 
715455 
717843 
718085 
1061912 
726071 
725223 
841370 
720826 
743376 
728500 
969515 
733178 
715837 
746154 
1066936 
732921 
701425 
701078 
717763 
720291 
1085249 
719971 
771147 
704433 
718321 
988652 
726401 
1033002 
994249 
720521 
729454 
961327 
718619 
723509 
704858 
981125 
719826 
719367 
719699 
702221 
1098632 
720122 
719143 
706647 
1154929 
729735 
859904 
722404 
739004 
719862 
779040 
717830 
722450 
752049 
718943 
759805 
722204 
721056 
716146 
703542 
717056 
715623 
871742 
1287990 
1280619 
808289 
744389 
1182126 
718821 
717445 
716336 
718111 
1082495 
729744 
720777 
722324 
723252 
1096409 
718796 
716870 
1228349 
1255629 
730894 
715829 
907960 
714670 
714664 
717534 
716593 
715140 
1034387 
717510 
716341 
995963 
711033 
758078 
714780 
712666 
902279 
718673 
737236 
716911 
754314 
1245486 
725041 
715808 
726166 
712375 
874051 
699482 
1079552 
712039 
701249 
737915 
714949 
1094535 
853799 
1082480 
726215 
721841 
744475 
718124 
692662 
697894 
699534 
744150 
792696 
724770 
810274 
887934 
773928 
725133 
1519410 
722202 
938281 
742075 
733525 
735344 
727252 
751276 
715943 
717119 
722648 
783065 
724816 
728157 
714585 
706621 
719366 
716421 
745014 
747404 
752589 
803063 
1037555 
718022 
708947 
699899 
696585 
744926 
1007227 
717985 
765151 
713445 
733596 
992765 
717769 
716916 
700826 
719625 
719266 
719496 
700728 
701401 
715451 
809041 
722497 
1062887 
722496 
1047151 
719477 
721530 
726383 
903148 
715258 
730734 
720975 
729796 
1039012 
726299 
737916 
1035595 
728221 
736302 
731094 
880634 
720575 
724686 
714117 
777435 
775837 
1023016 
903644 
777780 
806370 
723904 
815216 
723176 
721213 
876902 
756667 
754083 
722093 
724142 
717657 
720830 
908031 
826443 
728044 
1092848 
732209 
760782 
763774 
735319 
734031 
702614 
717905 
757928 
720635 
721449 
717920 
717167 
728247 
773781 
742406 
747344 
745178 
862422 
727430 
724041 
722299 
867190 
722418 
703310 
722161 
723329 
869286 
718073 
716204 
728625 
720174 
718974 
762274 
719603 
714835 
714911 
863663 
798073 
731616 
714921 
718272 
745412 
840341 
712617 
717262 
713345 
697362 
933510 
828684 
704053 
928010 
702867 
748535 
943451 
750673 
780521 
1316263 
755133 
727432 
703274 
741646 
748168 
865979 
713797 
754374 
710890 
717582 
714662 
712711 
805124 
714376 
715902 
731195 
726859 
713703 
713451 
972810 
716224 
721839 
762605 
766508 
911832 
823860 
731174 
729822 
857330 
723969 
740563 
769098 
729227 
868094 
697316 
730271 
717282 
716882 
857272 
717066 
720119 
697265 
716428 
797129 
717854 
747597 
725624 
849033 
1353871 
722599 
719791 
720550 
806037 
720088 
699830 
697912 
815644 
717648 
703346 
706931 
702556 
767727 
703557 
718247 
874946 
715986 
709306 
724393 
727895 
712382 
875958 
723561 
720427 
908688 
715287 
716986 
719123 
871506 
774370 
715271 
719695 
718780 
714083 
770383 
730495 
724812 
762757 
730253 
711554 
717922 
765317 
1250849 
715773 
721515 
718633 
1135145 
683240 
783825 
737261 
720966 
706059 
1026217 
720811 
717182 
734554 
1033145 
722465 
723262 
721217 
719603 
1241088 
740711 
862720 
708583 
774959 
738097 
755673 
750976 
744064 
721750 
724603 
718413 
717773 
719895 
717802 
827556 
719780 
706182 
717885 
1109184 
718332 
703839 
701626 
718803 
765696 
733089 
719405 
719685 
722570 
901295 
717899 
1109068 
727699 
722706 
729209 
1113822 
716449 
716678 
725115 
717794 
1022497 
721468 
1078186 
760456 
770784 
759290 
753434 
1141029 
721573 
946199 
724265 
970918 
1278519 
755268 
1394746 
1404572 
1365556 
1371263 
1392527 
1363653 
1413508 
1362738 
1393547 
1631974 
1372682 
1337033 
1373128 
1360841 
1327882 
1540059 
1385192 
1364432 
1356215 
1460557 
1340593 
1355560 
1265679 
1363568 
1374329 
1365863 
1358396 
1360583 
1338941 
1320617 
1328370 
1379801 
1356740 
1435535 
1490820 
1383808 
1421450 
1351368 
1320837 
1478994 
734599 
726249 
721783 
708296 
760597 
719494 
697167 
716468 
753403 
753894 
760776 
716759 
717704 
699275 
861586 
715111 
714715 
752970 
812167 
719314 
712584 
713164 
718658 
854683 
711361 
733341 
713679 
716186 
1183643 
766575 
716471 
704897 
728653 
724571 
1017951 
716392 
746903 
730264 
729419 
719577 
755502 
898287 
726133 
727641 
1107297 
723285 
719312 
720025 
720069 
1177866 
724162 
725487 
725740 
1118463 
798850 
730418 
766711 
769295 
802040 
717004 
724545 
906886 
1037709 
735388 
733100 
739821 
949360 
722474 
1062989 
727589 
724866 
720704 
814013 
719867 
721249 
722683 
718900 
861062 
712211 
735437 
725916 
740552 
747710 
723991 
723923 
705223 
740946 
718957 
706039 
715585 
801722 
723950 
723545 
738155 
882115 
724518 
849400 
707887 
731164 
714156 
718934 
716925 
741780 
703906 
734357 
778531 
731347 
731061 
718457 
722326 
706264 
703844 
718666 
810536 
708802 
704037 
722070 
724126 
901076 
721542 
720612 
717509 
723773 
934811 
719989 
719624 
722459 
704597 
726053 
722858 
732177 
763786 
715417 
825163 
719422 
714386 
718266 
716312 
817030 
728015 
761037 
719165 
713960 
879407 
727152 
750473 
751265 
721883 
868231 
713012 
713072 
729759 
785190 
715858 
760528 
745312 
721288 
798676 
720335 
718184 
722850 
733038 
785278 
721002 
718881 
907703 
893391 
731241 
731274 
724486 
723484 
892489 
739937 
757819 
722092 
874850 
722514 
702428 
723127 
746915 
993441 
701758 
705650 
703028 
955283 
703384 
703218 
723546 
704064 
797245 
702297 
701843 
718336 
704245 
800454 
722461 
727567 
725366 
805668 
735908 
753692 
717533 
719095 
810653 
716648 
725376 
724826 
776103 
727801 
723044 
722063 
751092 
718881 
725569 
724480 
705094 
785082 
732351 
726715 
750012 
828063 
741030 
737464 
744571 
714787 
862263 
713604 
729792 
728048 
721164 
865399 
712295 
718631 
1225806 
737007 
724330 
731175 
715350 
731498 
735712 
754548 
721888 
724663 
715408 
756619 
718825 
715685 
731035 
718149 
793069 
720563 
1222747 
746425 
733055 
745164 
883440 
720686 
827887 
784179 
705765 
737372 
746500 
802622 
715666 
706883 
715687 
718424 
812428 
727307 
718782 
729349 
722580 
751547 
719548 
720703 
794219 
702037 
795802 
701405 
719368 
703311 
719346 
722523 
724575 
722281 
705814 
768395 
725678 
726423 
849485 
709586 
917050 
724658 
724311 
833850 
730285 
723668 
721089 
725747 
745229 
713310 
712749 
715405 
838995 
736650 
721058 
738450 
723003 
1066827 
728370 
726422 
682327 
720923 
974858 
720182 
722843 
718113 
720663 
906243 
719381 
722462 
718735 
896741 
729341 
746093 
720949 
913183 
721751 
720512 
726481 
722669 
717095 
735453 
1051490 
726204 
718950 
705890 
720971 
809990 
731093 
732981 
732520 
726014 
735002 
722148 
742354 
729491 
726524 
724460 
723590 
778903 
719534 
718508 
715904 
902014 
722493 
723332 
732065 
719840 
760522 
722923 
721634 
725350 
718709 
725160 
725060 
735568 
719289 
720431 
747831 
733707 
718955 
881887 
723830 
830271 
723899 
718117 
1183942 
725645 
1074757 
705954 
827522 
721683 
1028667 
898598 
810335 
735367 
723591 
707064 
949993 
983902 
717639 
723726 
731313 
727719 
716492 
772881 
1132852 
719560 
722587 
720418 
718992 
1094988 
728813 
725138 
708339 
1097443 
719963 
720621 
721852 
799405 
726206 
990820 
718534 
709414 
707635 
726820 
901206 
718697 
721629 
720442 
718949 
850006 
744263 
739701 
743420 
771136 
722920 
708735 
716904 
923414 
719587 
730255 
832357 
714731 
899445 
720608 
713748 
720762 
716666 
720295 
872817 
720724 
722069 
722724 
722860 
720009 
755972 
722956 
715548 
723675 
889984 
721193 
720388 
767216 
1225635 
707281 
721910 
740132 
728303 
722018 
716143 
1077514 
723527 
703965 
744069 
1239108 
717259 
721942 
1052370 
725457 
728554 
741196 
722735 
727228 
718366 
714472 
731949 
732814 
802799 
734493 
734185 
716243 
703272 
1364861 
1329727 
1455076 
1371420 
1372444 
1358459 
1383720 
1360372 
1342298 
1338488 
1366090 
1642615 
1372646 
1374911 
1399515 
1394801 
1668303 
1320896 
1326727 
1392211 
718985 
722398 
724830 
725863 
702092 
703632 
784681 
1029223 
728727 
725826 
727998 
726708 
928111 
859118 
720100 
735459 
738508 
738850 
721096 
725228 
707075 
705640 
742714 
724408 
704362 
725069 
763608 
717106 
724292 
703103 
728207 
758968 
718688 
694459 
699752 
700574 
798196 
717272 
750042 
726001 
738471 
843560 
723272 
721367 
720575 
752621 
1011390 
725293 
723735 
772321 
719141 
1152575 
1156839 
710921 
732623 
791581 
726809 
711622 
712021 
756850 
721762 
790516 
724734 
726735 
725045 
731046 
714413 
717385 
718635 
716842 
800788 
721948 
720404 
718352 
718910 
779939 
742036 
752675 
758972 
884580 
727676 
724426 
707333 
722206 
718500 
764869 
717141 
715175 
734577 
717614 
795866 
712678 
1016013 
727651 
813412 
722957 
788991 
726801 
720134 
721310 
782314 
720392 
720692 
712973 
712427 
899979 
720449 
718608 
737456 
712258 
895768 
718890 
720217 
723038 
1062224 
1272021 
745534 
700964 
698429 
699724 
926517 
694995 
723680 
715033 
719474 
804570 
720345 
699781 
703480 
877509 
719763 
718538 
718855 
720858 
813593 
718769 
702300 
700438 
738460 
890013 
738322 
718869 
701581 
731812 
790808 
722014 
728877 
726213 
869040 
730412 
720255 
722767 
806276 
721125 
718639 
702388 
719067 
709204 
838225 
720595 
699577 
688035 
785860 
699671 
718901 
757977 
811494 
722898 
748320 
722142 
845914 
713436 
716412 
714312 
723421 
798450 
727811 
722612 
902971 
734151 
768076 
726112 
732503 
773302 
723185 
797999 
732428 
720758 
739666 
705062 
896262 
729594 
734268 
726677 
830564 
722081 
722023 
723750 
816803 
723446 
720160 
766797 
744112 
774561 
718389 
722387 
739092 
718330 
713029 
718904 
899797 
717516 
701787 
761863 
716870 
783048 
755565 
700481 
714575 
725108 
726576 
787566 
758189 
725748 
726895 
756796 
729396 
735637 
719583 
722990 
731389 
722486 
719246 
735547 
814253 
738420 
770502 
721509 
701424 
919560 
760847 
713102 
783137 
724105 
867515 
720629 
711612 
721766 
876075 
734462 
755422 
732763 
705113 
847158 
722401 
729360 
743681 
717415 
817868 
727996 
707092 
704215 
770747 
799125 
722674 
731008 
732283 
1160380 
1097496 
734872 
761260 
708532 
859544 
723422 
726788 
726077 
710051 
742329 
721093 
745354 
727443 
917730 
882989 
860335 
725166 
727784 
1102491 
722083 
729273 
730946 
707198 
1063161 
722819 
725209 
731834 
728534 
991650 
784943 
774047 
739858 
730387 
733930 
957893 
725934 
725905 
731730 
721517 
1002342 
725077 
724390 
733308 
818546 
797850 
723539 
769877 
729369 
830033 
722084 
704241 
727205 
706384 
738232 
744194 
775311 
755718 
853262 
723524 
717501 
717379 
726320 
758896 
726579 
722063 
744350 
922963 
721489 
720760 
730964 
723873 
726472 
743641 
725624 
713704 
722362 
707908 
1297913 
725191 
1041632 
722647 
762513 
941211 
826042 
755917 
740761 
739977 
964894 
725971 
861545 
726771 
725084 
785443 
723340 
726031 
731410 
709117 
765939 
739754 
738137 
726177 
724162 
759459 
720210 
723507 
725563 
748280 
950023 
723809 
705692 
710275 
1048000 
738712 
728507 
707305 
705104 
729666 
728078 
733267 
746447 
1109015 
786256 
747777 
726989 
1026393 
1506964 
724137 
1026575 
742623 
729930 
771999 
732622 
728560 
831531 
724226 
812953 
941727 
765292 
810394 
1304807 
729681 
724293 
766005 
707616 
800861 
714832 
1163351 
730498 
803935 
726405 
894997 
707751 
704392 
757703 
759069 
1042150 
761923 
979737 
724925 
706229 
706601 
1023228 
719527 
705683 
734163 
968330 
1114984 
862237 
736070 
727449 
738562 
732950 
827130 
781725 
730083 
742705 
991996 
741565 
720817 
1481792 
772033 
953295 
1092043 
827459 
996229 
1567702 
1752387 
1549181 
2209352 
1913144 
1593194 
1466695 
2402681 
1656525 
2666101 
1376646 
1700093 
1529389 
2174524 
1717827 
1591148 
1461672 
874929 
898699 
752888 
1440069 
907314 
828608 
719299 
724714 
806499 
784175 
1154797 
740816 
782421 
707792 
706876 
1039374 
799215 
716556 
720798 
767921 
1110453 
722688 
1422066 
708970 
745341 
1013804 
802777 
723593 
722742 
961816 
704667 
724929 
703535 
720773 
721288 
1054796 
724953 
749683 
706363 
724218 
709676 
1172475 
775206 
723741 
724273 
1252646 
721399 
733066 
713349 
1002649 
727855 
777229 
726430 
897794 
1103562 
755687 
742187 
714689 
751181 
921660 
737550 
724392 
721474 
1146676 
725215 
723417 
722718 
759433 
721415 
719399 
722081 
986173 
719729 
722533 
732475 
772305 
1419263 
770259 
704228 
703722 
1402135 
802773 
720545 
704826 
721176 
721601 
718897 
792040 
1213567 
727809 
856163 
775170 
1179293 
786300 
766108 
725787 
785993 
1034030 
746166 
1005061 
750394 
1033587 
734317 
743943 
730818 
980360 
726916 
728987 
735629 
730278 
749552 
1005190 
783382 
731237 
733557 
730774 
1099614 
734664 
750664 
731991 
732715 
1218371 
720494 
727361 
723987 
725705 
1031056 
962623 
785704 
729801 
828630 
733120 
1063265 
729359 
740007 
770901 
1023380 
724858 
723182 
726918 
1013092 
725732 
732772 
736622 
1027404 
725605 
783307 
721977 
1127207 
724036 
725657 
706944 
719479 
959912 
724064 
738058 
721299 
706849 
960430 
784549 
818843 
718053 
723838 
737271 
722287 
889405 
859744 
739852 
715555 
720475 
743200 
1281130 
1542261 
704536 
721408 
708183 
1459309 
704903 
722602 
705879 
1370875 
726061 
706076 
1371352 
724137 
718661 
709671 
