0.000
43.000
86.000
129.000
172.000
215.000
258.000
301.000
344.000
387.000
430.000
473.000
516.000
559.000
602.000
645.000
688.000
731.000
774.000
817.000
860.000
903.000
946.000
989.000
1032.000
1075.000
1118.000
1161.000
1204.000
1247.000
1290.000
1333.000
1376.000
1419.000
1462.000
1505.000
1548.000
1591.000
1634.000
1677.000
1720.000
1763.000
1806.000
1849.000
1892.000
1935.000
1978.000
2021.000
2064.000
2107.000
2150.000
2193.000
2236.000
2279.000
2322.000
2365.000
2408.000
2451.000
2494.000
2537.000
2580.000
2623.000
2666.000
2709.000
2752.000
2795.000
2838.000
2881.000
2924.000
2967.000
3010.000
3053.000
3096.000
3139.000
3182.000
3225.000
3268.000
3311.000
3354.000
3397.000
3440.000
3483.000
3526.000
3569.000
3612.000
3655.000
3698.000
3741.000
3784.000
3827.000
3870.000
3913.000
3956.000
3999.000
4042.000
4085.000
4128.000
4171.000
4214.000
4257.000
4300.000
4343.000
4386.000
4429.000
4472.000
4515.000
4558.000
4601.000
4644.000
4687.000
4730.000
4773.000
4816.000
4859.000
4902.000
4945.000
4988.000
5031.000
5074.000
5117.000
5160.000
5203.000
5246.000
5289.000
5332.000
5375.000
5418.000
5461.000
5504.000
5547.000
5590.000
5633.000
5676.000
5719.000
5762.000
5805.000
5848.000
5891.000
5934.000
5977.000
6020.000
6063.000
6106.000
6149.000
6192.000
6235.000
6278.000
6321.000
6364.000
6407.000
6450.000
6493.000
6536.000
6579.000
6622.000
6665.000
6708.000
6751.000
6794.000
6837.000
6880.000
6923.000
6966.000
7009.000
7052.000
7095.000
7138.000
7181.000
7224.000
7267.000
7310.000
7353.000
7396.000
7439.000
7482.000
7525.000
7568.000
7611.000
7654.000
7697.000
7740.000
7783.000
7826.000
7869.000
7912.000
7955.000
7998.000
8041.000
8084.000
8127.000
8170.000
8213.000
8256.000
8299.000
8342.000
8385.000
8428.000
8471.000
8514.000
8557.000
8600.000
8643.000
8686.000
8729.000
8772.000
8815.000
8858.000
8901.000
8944.000
8987.000
9030.000
9073.000
9116.000
9159.000
9202.000
9245.000
9288.000
9331.000
9374.000
9417.000
9460.000
9503.000
9546.000
9589.000
9632.000
9675.000
9718.000
9761.000
9804.000
9847.000
9890.000
9933.000
9976.000
10019.000
10062.000
10105.000
10148.000
10191.000
10234.000
10277.000
10320.000
10363.000
10406.000
10449.000
10492.000
10535.000
10578.000
10621.000
10664.000
10707.000
10750.000
10793.000
10836.000
10879.000
10922.000
10965.000
11008.000
11051.000
11094.000
11137.000
11180.000
11223.000
11266.000
11309.000
11352.000
11395.000
11438.000
11481.000
11524.000
11567.000
11610.000
11653.000
11696.000
11739.000
11782.000
11825.000
11868.000
11911.000
11954.000
11997.000
12040.000
12083.000
12126.000
12169.000
12212.000
12255.000
12298.000
12341.000
12384.000
12427.000
12470.000
12513.000
12556.000
12599.000
12642.000
12685.000
12728.000
12771.000
12814.000
12857.000
12900.000
12943.000
12986.000
13029.000
13072.000
13115.000
13158.000
13201.000
13244.000
13287.000
13330.000
13373.000
13416.000
13459.000
13502.000
13545.000
13588.000
13631.000
13674.000
13717.000
13760.000
13803.000
13846.000
13889.000
13932.000
13975.000
14018.000
14061.000
14104.000
14147.000
14190.000
14233.000
14276.000
14319.000
14362.000
14405.000
14448.000
14491.000
14534.000
14577.000
14620.000
14663.000
14706.000
14749.000
14792.000
14835.000
14878.000
14921.000
14964.000
15007.000
15050.000
15093.000
15136.000
15179.000
15222.000
15265.000
15308.000
15351.000
15394.000
15437.000
15480.000
15523.000
15566.000
15609.000
15652.000
15695.000
15738.000
15781.000
15824.000
15867.000
15910.000
15953.000
15996.000
16039.000
16082.000
16125.000
16168.000
16211.000
16254.000
16297.000
16340.000
16383.000
16426.000
16469.000
16512.000
16555.000
16598.000
16641.000
16684.000
16727.000
16770.000
16813.000
16856.000
16899.000
16942.000
16985.000
17028.000
17071.000
17114.000
17157.000
17200.000
17243.000
17286.000
17329.000
17372.000
17415.000
17458.000
17501.000
17544.000
17587.000
17630.000
17673.000
17716.000
17759.000
17802.000
17845.000
17888.000
17931.000
17974.000
18017.000
18060.000
18103.000
18146.000
18189.000
18232.000
18275.000
18318.000
18361.000
18404.000
18447.000
18490.000
18533.000
18576.000
18619.000
18662.000
18705.000
18748.000
18791.000
18834.000
18877.000
18920.000
18963.000
19006.000
19049.000
19092.000
19135.000
19178.000
19221.000
19264.000
19307.000
19350.000
19393.000
19436.000
19479.000
19522.000
19565.000
19608.000
19651.000
19694.000
19737.000
19780.000
19823.000
19866.000
19909.000
19952.000
19995.000
20038.000
20081.000
20124.000
20167.000
20210.000
20253.000
20296.000
20339.000
20382.000
20425.000
20468.000
20511.000
20554.000
20597.000
20640.000
20683.000
20726.000
20769.000
20812.000
20855.000
20898.000
20941.000
20984.000
21027.000
21070.000
21113.000
21156.000
21199.000
21242.000
21285.000
21328.000
21371.000
21414.000
21457.000
21500.000
21543.000
21586.000
21629.000
21672.000
21715.000
21758.000
21801.000
21844.000
21887.000
21930.000
21973.000
