77.782
82.4072
87.3074
92.4989
97.9992
103.827
110
116.541
123.471
130.813
138.592
146.833
155.564
164.814
174.615
184.998
195.999
207.653
220.001
233.083
246.943
261.627
277.184
293.666
311.128
329.629
349.23
369.996
391.997
415.307
440.002
466.166
493.886
523.254
554.368
587.332
622.257
659.258
698.46
739.993
783.995
830.614
880.005
932.332
987.772
1046.51
1108.74
1174.67
1244.51
1318.52
1396.92
1479.99
1567.99
1661.23
1760.01
1864.67
1975.54
2093.02
2217.47
2349.33
2489.03
2637.04
2793.84
2959.97
3135.98
3322.46
3520.02
3729.33
3951.09
4186.04
