0.08
0.08000865937
0.080034637154
0.0800779323739
0.0801385433997
0.0802164679495
0.0803117030894
0.0804242452338
0.0805540901456
0.0807012329363
0.0808656680659
0.0810473893437
0.0812463899278
0.0814626623261
0.0816961983959
0.0819469893449
0.0822150257308
0.0825002974622
0.0828027937989
0.083122503352
0.0834594140846
0.0838135133122
0.0841847877032
0.0845732232793
0.0849788054162
0.0854015188439
0.0858413476474
0.0862982752675
0.0867722845011
0.087263357502
0.0877714757816
0.0882966202096
0.0888387710145
0.0893979077847
0.089974009469
0.0905670543774
0.0911770201823
0.0918038839186
0.0924476219854
0.0931082101463
0.0937856235305
0.0944798366338
0.0951908233194
0.0959185568191
0.0966630097341
0.0974241540362
0.0982019610688
0.0989964015479
0.0998074455632
0.100635062579
0.101479221437
0.102339890354
0.103217036927
0.104110628132
0.105020630325
0.105947009245
0.106889730016
0.107848757143
0.10882405452
0.109815585428
0.110823312536
0.111847197904
0.112887202982
0.113943288616
0.115015415045
0.116103541903
0.117207628223
0.118327632436
0.119463512376
0.120615225278
0.121782727778
0.122965975923
0.124164925163
0.125379530359
0.126609745781
0.127855525112
0.12911682145
0.130393587307
0.131685774615
0.132993334722
0.1343162184
0.135654375843
0.13700775667
0.138376309928
0.13975998409
0.141158727063
0.142572486184
0.144001208227
0.1454448394
0.146903325352
0.148376611172
0.14986464139
0.151367359985
0.152884710379
0.154416635445
0.155963077506
0.157523978341
0.159099279181
0.160688920719
0.162292843104
0.16391098595
0.165543288335
0.167189688804
0.16885012537
0.170524535519
0.17221285621
0.17391502388
0.175630974442
0.177360643292
0.179103965308
0.180860874857
0.18263130579
0.184415191453
0.186212464683
0.188023057814
0.189846902677
0.191683930607
0.19353407244
0.195397258519
0.197273418697
0.199162482337
0.201064378316
0.202979035031
0.204906380394
0.206846341842
0.208798846338
0.210763820369
0.212741189957
0.214730880654
0.21673281755
0.218746925272
0.220773127991
0.222811349421
0.224861512825
0.226923541014
0.228997356355
0.23108288077
0.23318003574
0.235288742309
0.237408921083
0.239540492241
0.24168337553
0.243837490271
0.246002755363
0.248179089285
0.250366410099
0.252564635455
0.254773682589
0.256993468333
0.259223909113
0.261464920954
0.263716419483
0.265978319933
0.268250537145
0.27053298557
0.272825579276
0.275128231948
0.277440856892
0.27976336704
0.282095674949
0.284437692811
0.286789332449
0.289150505326
0.291521122544
0.293901094852
0.296290332644
0.298688745968
0.301096244524
0.303512737671
0.30593813443
0.308372343486
0.310815273193
0.313266831574
0.315726926332
0.318195464844
0.320672354171
0.32315750106
0.325650811947
0.328152192959
0.330661549922
0.333178788359
0.335703813498
0.338236530272
0.340776843328
0.343324657022
0.345879875432
0.348442402355
0.351012141313
0.353588995558
0.356172868071
0.358763661572
0.361361278519
0.363965621112
0.3665765913
0.369194090782
0.37181802101
0.374448283194
0.377084778307
0.379727407085
0.382376070036
0.38503066744
0.38769109935
0.390357265605
0.393029065825
0.395706399417
0.398389165581
0.401077263313
0.403770591408
0.406469048463
0.409172532883
0.411880942883
0.414594176493
0.417312131562
0.420034705759
0.422761796582
0.425493301357
0.428229117244
0.430969141243
0.433713270191
0.436461400774
0.439213429528
0.441969252839
0.444728766952
0.447491867973
0.450258451873
0.453028414491
0.455801651541
0.45857805861
0.46135753117
0.464139964575
0.466925254066
0.469713294781
0.472503981751
0.475297209907
0.478092874087
0.480890869035
0.483691089408
0.486493429781
0.489297784645
0.492104048419
0.494912115448
0.497721880011
0.500533236322
0.503346078533
0.506160300744
0.508975797001
0.511792461301
0.514610187599
0.517428869809
0.52024840181
0.523068677447
0.525889590539
0.528711034879
0.531532904243
0.534355092389
0.537177493061
0.54
0.542822506939
0.545644907611
0.548467095757
0.551288965121
0.554110409461
0.556931322553
0.55975159819
0.562571130191
0.565389812401
0.568207538699
0.571024202999
0.573839699256
0.576653921467
0.579466763678
0.582278119989
0.585087884552
0.587895951581
0.590702215355
0.593506570219
0.596308910592
0.599109130965
0.601907125913
0.604702790093
0.607496018249
0.610286705219
0.613074745934
0.615860035425
0.61864246883
0.62142194139
0.624198348459
0.626971585509
0.629741548127
0.632508132027
0.635271233048
0.638030747161
0.640786570472
0.643538599226
0.646286729809
0.649030858757
0.651770882756
0.654506698643
0.657238203418
0.659965294241
0.662687868438
0.665405823507
0.668119057117
0.670827467117
0.673530951537
0.676229408592
0.678922736687
0.681610834419
0.684293600583
0.686970934175
0.689642734395
0.69230890065
0.69496933256
0.697623929964
0.700272592915
0.702915221693
0.705551716806
0.70818197899
0.710805909218
0.7134234087
0.716034378888
0.718638721481
0.721236338428
0.723827131929
0.726411004442
0.728987858687
0.731557597645
0.734120124568
0.736675342978
0.739223156672
0.741763469728
0.744296186502
0.746821211641
0.749338450078
0.751847807041
0.754349188053
0.75684249894
0.759327645829
0.761804535156
0.764273073668
0.766733168426
0.769184726807
0.771627656514
0.77406186557
0.776487262329
0.778903755476
0.781311254032
0.783709667356
0.786098905148
0.788478877456
0.790849494674
0.793210667551
0.795562307189
0.797904325051
0.80023663296
0.802559143108
0.804871768052
0.807174420724
0.80946701443
0.811749462855
0.814021680067
0.816283580517
0.818535079046
0.820776090887
0.823006531667
0.825226317411
0.827435364545
0.829633589901
0.831820910715
0.833997244637
0.836162509729
0.83831662447
0.840459507759
0.842591078917
0.844711257691
0.84681996426
0.84891711923
0.851002643645
0.853076458986
0.855138487175
0.857188650579
0.859226872009
0.861253074728
0.86326718245
0.865269119346
0.867258810043
0.869236179631
0.871201153662
0.873153658158
0.875093619606
0.877020964969
0.878935621684
0.880837517663
0.882726581303
0.884602741481
0.88646592756
0.888316069393
0.890153097323
0.891976942186
0.893787535317
0.895584808547
0.89736869421
0.899139125143
0.900896034692
0.902639356708
0.904369025558
0.90608497612
0.90778714379
0.909475464481
0.91114987463
0.912810311196
0.914456711665
0.91608901405
0.917707156896
0.919311079281
0.920900720819
0.922476021659
0.924036922494
0.925583364555
0.927115289621
0.928632640015
0.93013535861
0.931623388828
0.933096674648
0.9345551606
0.935998791773
0.937427513816
0.938841272937
0.94024001591
0.941623690072
0.94299224333
0.944345624157
0.9456837816
0.947006665278
0.948314225385
0.949606412693
0.95088317855
0.952144474888
0.953390254219
0.954620469641
0.955835074837
0.957034024077
0.958217272222
0.959384774722
0.960536487624
0.961672367564
0.962792371777
0.963896458097
0.964984584955
0.966056711384
0.967112797018
0.968152802096
0.969176687464
0.970184414572
0.97117594548
0.972151242857
0.973110269984
0.974052990755
0.974979369675
0.975889371868
0.976782963073
0.977660109646
0.978520778563
0.979364937421
0.980192554437
0.981003598452
0.981798038931
0.982575845964
0.983336990266
0.984081443181
0.984809176681
0.985520163366
0.986214376469
0.986891789854
0.987552378015
0.988196116081
0.988822979818
0.989432945623
0.990025990531
0.990602092215
0.991161228985
0.99170337979
0.992228524218
0.992736642498
0.993227715499
0.993701724733
0.994158652353
0.994598481156
0.995021194584
0.995426776721
0.995815212297
0.996186486688
0.996540585915
0.996877496648
0.997197206201
0.997499702538
0.997784974269
0.998053010655
0.998303801604
0.998537337674
0.998753610072
0.998952610656
0.999134331934
0.999298767064
0.999445909854
0.999575754766
0.999688296911
0.999783532051
0.9998614566
0.999922067626
0.999965362846
0.99999134063
1.0
0.99999134063
0.999965362846
0.999922067626
0.9998614566
0.999783532051
0.999688296911
0.999575754766
0.999445909854
0.999298767064
0.999134331934
0.998952610656
0.998753610072
0.998537337674
0.998303801604
0.998053010655
0.997784974269
0.997499702538
0.997197206201
0.996877496648
0.996540585915
0.996186486688
0.995815212297
0.995426776721
0.995021194584
0.994598481156
0.994158652353
0.993701724733
0.993227715499
0.992736642498
0.992228524218
0.99170337979
0.991161228985
0.990602092215
0.990025990531
0.989432945623
0.988822979818
0.988196116081
0.987552378015
0.986891789854
0.986214376469
0.985520163366
0.984809176681
0.984081443181
0.983336990266
0.982575845964
0.981798038931
0.981003598452
0.980192554437
0.979364937421
0.978520778563
0.977660109646
0.976782963073
0.975889371868
0.974979369675
0.974052990755
0.973110269984
0.972151242857
0.97117594548
0.970184414572
0.969176687464
0.968152802096
0.967112797018
0.966056711384
0.964984584955
0.963896458097
0.962792371777
0.961672367564
0.960536487624
0.959384774722
0.958217272222
0.957034024077
0.955835074837
0.954620469641
0.953390254219
0.952144474888
0.95088317855
0.949606412693
0.948314225385
0.947006665278
0.9456837816
0.944345624157
0.94299224333
0.941623690072
0.94024001591
0.938841272937
0.937427513816
0.935998791773
0.9345551606
0.933096674648
0.931623388828
0.93013535861
0.928632640015
0.927115289621
0.925583364555
0.924036922494
0.922476021659
0.920900720819
0.919311079281
0.917707156896
0.91608901405
0.914456711665
0.912810311196
0.91114987463
0.909475464481
0.90778714379
0.90608497612
0.904369025558
0.902639356708
0.900896034692
0.899139125143
0.89736869421
0.895584808547
0.893787535317
0.891976942186
0.890153097323
0.888316069393
0.88646592756
0.884602741481
0.882726581303
0.880837517663
0.878935621684
0.877020964969
0.875093619606
0.873153658158
0.871201153662
0.869236179631
0.867258810043
0.865269119346
0.86326718245
0.861253074728
0.859226872009
0.857188650579
0.855138487175
0.853076458986
0.851002643645
0.84891711923
0.84681996426
0.844711257691
0.842591078917
0.840459507759
0.83831662447
0.836162509729
0.833997244637
0.831820910715
0.829633589901
0.827435364545
0.825226317411
0.823006531667
0.820776090887
0.818535079046
0.816283580517
0.814021680067
0.811749462855
0.80946701443
0.807174420724
0.804871768052
0.802559143108
0.80023663296
0.797904325051
0.795562307189
0.793210667551
0.790849494674
0.788478877456
0.786098905148
0.783709667356
0.781311254032
0.778903755476
0.776487262329
0.77406186557
0.771627656514
0.769184726807
0.766733168426
0.764273073668
0.761804535156
0.759327645829
0.75684249894
0.754349188053
0.751847807041
0.749338450078
0.746821211641
0.744296186502
0.741763469728
0.739223156672
0.736675342978
0.734120124568
0.731557597645
0.728987858687
0.726411004442
0.723827131929
0.721236338428
0.718638721481
0.716034378888
0.7134234087
0.710805909218
0.70818197899
0.705551716806
0.702915221693
0.700272592915
0.697623929964
0.69496933256
0.69230890065
0.689642734395
0.686970934175
0.684293600583
0.681610834419
0.678922736687
0.676229408592
0.673530951537
0.670827467117
0.668119057117
0.665405823507
0.662687868438
0.659965294241
0.657238203418
0.654506698643
0.651770882756
0.649030858757
0.646286729809
0.643538599226
0.640786570472
0.638030747161
0.635271233048
0.632508132027
0.629741548127
0.626971585509
0.624198348459
0.62142194139
0.61864246883
0.615860035425
0.613074745934
0.610286705219
0.607496018249
0.604702790093
0.601907125913
0.599109130965
0.596308910592
0.593506570219
0.590702215355
0.587895951581
0.585087884552
0.582278119989
0.579466763678
0.576653921467
0.573839699256
0.571024202999
0.568207538699
0.565389812401
0.562571130191
0.55975159819
0.556931322553
0.554110409461
0.551288965121
0.548467095757
0.545644907611
0.542822506939
0.54
0.537177493061
0.534355092389
0.531532904243
0.528711034879
0.525889590539
0.523068677447
0.52024840181
0.517428869809
0.514610187599
0.511792461301
0.508975797001
0.506160300744
0.503346078533
0.500533236322
0.497721880011
0.494912115448
0.492104048419
0.489297784645
0.486493429781
0.483691089408
0.480890869035
0.478092874087
0.475297209907
0.472503981751
0.469713294781
0.466925254066
0.464139964575
0.46135753117
0.45857805861
0.455801651541
0.453028414491
0.450258451873
0.447491867973
0.444728766952
0.441969252839
0.439213429528
0.436461400774
0.433713270191
0.430969141243
0.428229117244
0.425493301357
0.422761796582
0.420034705759
0.417312131562
0.414594176493
0.411880942883
0.409172532883
0.406469048463
0.403770591408
0.401077263313
0.398389165581
0.395706399417
0.393029065825
0.390357265605
0.38769109935
0.38503066744
0.382376070036
0.379727407085
0.377084778307
0.374448283194
0.37181802101
0.369194090782
0.3665765913
0.363965621112
0.361361278519
0.358763661572
0.356172868071
0.353588995558
0.351012141313
0.348442402355
0.345879875432
0.343324657022
0.340776843328
0.338236530272
0.335703813498
0.333178788359
0.330661549922
0.328152192959
0.325650811947
0.32315750106
0.320672354171
0.318195464844
0.315726926332
0.313266831574
0.310815273193
0.308372343486
0.30593813443
0.303512737671
0.301096244524
0.298688745968
0.296290332644
0.293901094852
0.291521122544
0.289150505326
0.286789332449
0.284437692811
0.282095674949
0.27976336704
0.277440856892
0.275128231948
0.272825579276
0.27053298557
0.268250537145
0.265978319933
0.263716419483
0.261464920954
0.259223909113
0.256993468333
0.254773682589
0.252564635455
0.250366410099
0.248179089285
0.246002755363
0.243837490271
0.24168337553
0.239540492241
0.237408921083
0.235288742309
0.23318003574
0.23108288077
0.228997356355
0.226923541014
0.224861512825
0.222811349421
0.220773127991
0.218746925272
0.21673281755
0.214730880654
0.212741189957
0.210763820369
0.208798846338
0.206846341842
0.204906380394
0.202979035031
0.201064378316
0.199162482337
0.197273418697
0.195397258519
0.19353407244
0.191683930607
0.189846902677
0.188023057814
0.186212464683
0.184415191453
0.18263130579
0.180860874857
0.179103965308
0.177360643292
0.175630974442
0.17391502388
0.17221285621
0.170524535519
0.16885012537
0.167189688804
0.165543288335
0.16391098595
0.162292843104
0.160688920719
0.159099279181
0.157523978341
0.155963077506
0.154416635445
0.152884710379
0.151367359985
0.14986464139
0.148376611172
0.146903325352
0.1454448394
0.144001208227
0.142572486184
0.141158727063
0.13975998409
0.138376309928
0.13700775667
0.135654375843
0.1343162184
0.132993334722
0.131685774615
0.130393587307
0.12911682145
0.127855525112
0.126609745781
0.125379530359
0.124164925163
0.122965975923
0.121782727778
0.120615225278
0.119463512376
0.118327632436
0.117207628223
0.116103541903
0.115015415045
0.113943288616
0.112887202982
0.111847197904
0.110823312536
0.109815585428
0.10882405452
0.107848757143
0.106889730016
0.105947009245
0.105020630325
0.104110628132
0.103217036927
0.102339890354
0.101479221437
0.100635062579
0.0998074455632
0.0989964015479
0.0982019610688
0.0974241540362
0.0966630097341
0.0959185568191
0.0951908233194
0.0944798366338
0.0937856235305
0.0931082101463
0.0924476219854
0.0918038839186
0.0911770201823
0.0905670543774
0.089974009469
0.0893979077847
0.0888387710145
0.0882966202096
0.0877714757816
0.087263357502
0.0867722845011
0.0862982752675
0.0858413476474
0.0854015188439
0.0849788054162
0.0845732232793
0.0841847877032
0.0838135133122
0.0834594140846
0.083122503352
0.0828027937989
0.0825002974622
0.0822150257308
0.0819469893449
0.0816961983959
0.0814626623261
0.0812463899278
0.0810473893437
0.0808656680659
0.0807012329363
0.0805540901456
0.0804242452338
0.0803117030894
0.0802164679495
0.0801385433997
0.0800779323739
0.080034637154
0.08000865937
