25.956543 
27.500000 
29.135237 
30.867710 
32.703201 
34.647835 
36.708107 
38.890884 
41.203461 
43.653545 
46.249325 
48.999454 
51.913116 
55.000031 
58.270508 
61.735455 
65.406441 
69.295708 
73.416252 
77.781815 
82.406967 
87.307144 
92.498695 
97.998962 
103.826286 
110.000122 
116.541077 
123.470978 
130.812943 
138.591492 
146.832581 
155.563705 
164.814026 
174.614380 
184.997498 
195.998032 
207.652695 
220.000366 
233.082291 
246.942093 
261.626038 
277.183136 
293.665344 
311.127594 
329.628204 
349.228943 
369.995209 
391.996277 
415.305603 
440.000977 
466.164825 
493.884460 
523.252380 
554.366577 
587.330994 
622.255554 
659.256775 
698.458313 
739.990784 
783.992981 
830.611694 
880.002441 
932.330200 
987.769470 
1046.505371 
1108.733887 
1174.662598 
1244.511719 
1318.514282 
1396.917358 
1479.982422 
1567.986816 
1661.224243 
1760.005859 
1864.661377 
1975.540039 
2093.011719 
2217.468994 
2349.326660 
2489.024902 
2637.030029 
2793.836182 
2959.966553 
3135.975342 
3322.450439 
3520.013672 
3729.324951 
3951.082275 
4186.025879 
